   1.5550315e+01
   1.4566827e+01
   1.2968502e+01
   1.1305441e+01
   1.0670745e+01
   1.1081300e+01
   1.1339761e+01
   1.0609408e+01
   8.9623480e+00
   7.0773896e+00
   5.6990427e+00
   5.0131461e+00
   4.6368016e+00
   4.3375509e+00
   4.2118846e+00
   4.2981348e+00
   4.4112505e+00
   4.3556404e+00
   4.0709297e+00
   3.6037967e+00
   3.0361368e+00
   2.4396466e+00
   1.8661275e+00
   1.3577507e+00
   9.5581975e-01
   6.9112807e-01
   5.5661681e-01
   5.0896166e-01
   5.0474614e-01
   4.9120263e-01
   4.0492219e-01
   3.3713276e-01
   2.7837238e-01
   2.3029667e-01
   1.9299110e-01
   1.6486245e-01
   1.4326884e-01
   1.2534256e-01
   1.0867921e-01
   9.1859235e-02
   7.4680652e-02
   5.7956389e-02
   4.2960991e-02
   3.0802925e-02
   2.1982826e-02
   1.6261032e-02
   1.2853298e-02
   1.0857584e-02
   9.5963755e-03
   8.6706069e-03
   7.8686744e-03
   7.0784678e-03
   6.2323186e-03
   5.2893795e-03
   4.2508815e-03
   3.1827129e-03
   2.2118527e-03
   1.4782939e-03
   1.0510720e-03
   8.7184161e-04
   7.9326166e-04
   6.0004873e-04
   4.5114733e-04
   3.2401938e-04
   2.2126988e-04
   1.4700806e-04
   1.0224299e-04
   8.0584988e-05
   7.1380558e-05
   6.7928414e-05
   6.6708407e-05
   6.4153641e-05
   5.7744339e-05
   4.7346216e-05
   3.4748282e-05
   2.2445772e-05
   1.2777096e-05
   7.9425684e-06
   8.0154439e-06
   9.0221348e-06
   9.1065488e-06
   8.2000454e-06
   6.6223728e-06
   4.8010027e-06
   3.2092735e-06
   2.2248464e-06
   1.8412185e-06
   1.7783629e-06
   1.8827136e-06
   1.9202203e-06
   1.6551418e-06
   1.2020650e-06
   1.0260931e-06
   8.7806209e-07
   7.7926729e-07
   7.1717410e-07
   6.7752338e-07
   6.4509212e-07
   6.0492140e-07
   5.4718967e-07
   4.7098793e-07
   3.8355758e-07
   2.9611246e-07
   2.1905152e-07
   1.5869593e-07
   1.1631400e-07
   8.9129365e-08
   7.2527305e-08
   6.2260102e-08
   5.5449583e-08
   5.0393136e-08
   4.6020407e-08
   4.1545567e-08
   3.6432189e-08
   3.0558809e-08
   2.4344568e-08
   1.8616670e-08
   1.4182688e-08
   1.1339017e-08
   9.7330363e-09
   8.6170824e-09
   7.2020231e-09
   5.2923676e-09
   4.0128791e-09
   2.9009715e-09
   2.0483933e-09
   1.4676317e-09
   1.1225847e-09
   9.3873426e-10
   8.4300497e-10
   7.8516547e-10
   7.3132760e-10
   6.6092690e-10
   5.6880107e-10
   4.6232819e-10
   3.5425650e-10
   2.5605847e-10
   1.7458600e-10
   1.1201083e-10
   6.7509097e-11
   3.8985693e-11
   2.3691830e-11
   1.7437234e-11
   1.5481099e-11
   1.5027035e-11
   1.4109727e-11
   1.1410392e-11
   7.3981172e-12
   4.6143647e-12
   4.4661324e-12
   4.0265731e-12
   3.3813773e-12
   3.6098510e-12
   3.0506045e-12
   2.7555545e-12
   2.2621294e-12
   1.8410939e-12
   1.7330084e-12
   1.8654815e-12
   1.9738637e-12
   1.9165001e-12
   1.6952208e-12
   1.3811344e-12
   1.0492016e-12
   7.6077280e-13
   5.4085951e-13
   3.9292392e-13
   2.9972375e-13
   2.4552243e-13
   2.1424696e-13
   1.9228463e-13
   1.7658424e-13
   1.6187566e-13
   1.4223495e-13
   1.1659461e-13
   8.9465802e-14
   6.4071367e-14
   4.5040779e-14
   3.6441818e-14
   3.1901053e-14
   2.9984543e-14
   2.6413722e-14
   2.1236176e-14
   1.9880884e-14
   2.2698873e-14
   2.7439952e-14
   3.0023673e-14
   3.3377075e-14
   3.4987161e-14
   3.6361618e-14
   3.7518796e-14
   3.6662505e-14
   3.7842641e-14
   3.8789857e-14
   3.9228814e-14
   3.9778073e-14
   4.1004225e-14
   4.0752050e-14
   4.1263725e-14
   4.1702293e-14
   4.0977218e-14
   4.0729286e-14
   4.1063701e-14
   4.1075094e-14
   4.0747900e-14
   4.1027665e-14
   4.0998344e-14
   4.0763166e-14
   4.0749860e-14
   4.0966320e-14
   4.0124297e-14
   4.0500174e-14
   4.0620806e-14
   4.0158381e-14
   4.0409378e-14
   4.0658882e-14
   4.0436497e-14
   4.0357165e-14
   4.0567974e-14
   4.0346169e-14
   3.9780610e-14
   4.0670114e-14
   4.0153621e-14
   4.0378394e-14
   4.0399291e-14
   4.0511889e-14
   4.0324166e-14
   4.0546092e-14
   3.9828917e-14
   4.0140812e-14
   4.0350300e-14
   4.0311326e-14
   4.0487530e-14
   4.0756986e-14
   4.0399060e-14
   4.0482049e-14
   4.0554596e-14
   4.0925380e-14
   4.0603803e-14
   4.0817426e-14
   4.0601982e-14
   4.0668570e-14
   4.0508226e-14
   4.0693415e-14
   4.0452954e-14
   4.0589692e-14
   4.0725510e-14
   4.0665077e-14
   4.0079421e-14
   4.0272023e-14
   4.0481440e-14
   4.0519179e-14
   4.0343113e-14
   4.0555678e-14
   3.9827060e-14
   4.0148795e-14
   4.0272169e-14
   4.0468650e-14
   4.0518570e-14
   4.0776941e-14
   4.0759538e-14
   4.0067118e-14
   4.0272023e-14
   4.0481440e-14
   4.0519179e-14
   4.0343113e-14
   4.0555678e-14
   3.9827060e-14
   4.0148795e-14
   4.0272169e-14
   4.0468650e-14
   4.0518570e-14
   4.0776941e-14
   4.0759538e-14
   4.0067118e-14
   4.0272023e-14
   4.0481440e-14
   4.0519179e-14
   4.0343113e-14
   4.0555678e-14
   3.9827060e-14
   4.0148795e-14
   4.0272169e-14
   4.0468650e-14
   4.0518570e-14
   4.0776941e-14
   4.0759538e-14
   4.0067118e-14
   4.0272023e-14
   4.0481440e-14
   4.0519179e-14
   4.0343113e-14
   4.0555678e-14
   3.9827060e-14
   4.0148795e-14
   4.0272169e-14
   4.0468650e-14
   4.0518570e-14
   4.0776941e-14
   4.0759538e-14
   4.0067118e-14
   4.0272023e-14
   4.0481440e-14
   4.0519179e-14
   4.0343113e-14
   4.0555678e-14
   3.9827060e-14
   4.0148795e-14
   4.0272169e-14
   4.0468650e-14
   4.0518570e-14
   4.0776941e-14
   4.0759538e-14
   4.0067118e-14
   4.0272023e-14
   4.0481440e-14
   4.0519179e-14
   4.0343113e-14
   4.0555678e-14
   3.9827060e-14
   4.0148795e-14
   4.0272169e-14
   4.0468650e-14
   4.0518570e-14
   4.0776941e-14
   4.0759538e-14
   4.0067118e-14
   4.0272023e-14
   4.0481440e-14
   4.0519179e-14
   4.0343113e-14
   4.0555678e-14
   3.9827060e-14
   4.0148795e-14
   4.0272169e-14
   4.0468650e-14
   4.0518570e-14
   4.0776941e-14
   4.0759538e-14
   4.0067118e-14
   4.0272023e-14
   4.0481440e-14
   4.0519179e-14
   4.0343113e-14
   4.0555678e-14
   3.9827060e-14
   4.0148795e-14
   4.0272169e-14
   4.0468650e-14
   4.0518570e-14
   4.0776941e-14
   4.0759538e-14
   4.0067118e-14
   4.0272023e-14
   4.0481440e-14
   4.0519179e-14
   4.0343113e-14
   4.0555678e-14
   3.9827060e-14
   4.0148795e-14
   4.0272169e-14
   4.0468650e-14
   4.0518570e-14
   4.0776941e-14
   4.0759538e-14
   4.0067118e-14
   4.0272023e-14
   4.0481440e-14
   4.0519179e-14
   4.0343113e-14
   4.0555678e-14
   3.9827060e-14
   4.0148795e-14
   4.0272169e-14
   4.0468650e-14
   4.0518570e-14
   4.0776941e-14
   4.0759538e-14
   4.0067118e-14
   4.0272023e-14
   4.0481440e-14
   4.0519179e-14
   4.0343113e-14
   4.0555678e-14
   3.9827060e-14
   4.0148795e-14
   4.0272169e-14
   4.0468650e-14
   4.0518570e-14
   4.0776941e-14
   4.0759538e-14
   4.0067118e-14
   4.0272023e-14
   4.0481440e-14
   4.0519179e-14
   4.0343113e-14
   4.0555678e-14
   3.9827060e-14
   4.0148795e-14
   4.0272169e-14
