   0.0000000e+00
   3.0949703e-01
   6.1603311e-01
   9.1693305e-01
   1.2100239e+00
   1.4940628e+00
   1.7684946e+00
   2.0334112e+00
   2.2895508e+00
   2.5382219e+00
   2.7812857e+00
   3.0210666e+00
   3.2598403e+00
   3.4998143e+00
   3.7431276e+00
   3.9918511e+00
   4.2479660e+00
   4.5129329e+00
   4.7874301e+00
   5.0714870e+00
   5.3644835e+00
   5.6651508e+00
   5.9715709e+00
   6.2811770e+00
   6.5907978e+00
   6.8973048e+00
   7.1981628e+00
   7.4914423e+00
   7.7758229e+00
   8.0505938e+00
   8.3156534e+00
   8.5716960e+00
   8.8204172e+00
   9.0637153e+00
   9.3036134e+00
   9.5422615e+00
   9.7819354e+00
   1.0025023e+01
   1.0273566e+01
   1.0529426e+01
   1.0794008e+01
   1.1068062e+01
   1.1351687e+01
   1.1644330e+01
   1.1944784e+01
   1.2251191e+01
   1.2561038e+01
   1.2871049e+01
   1.3178010e+01
   1.3479393e+01
   1.3773246e+01
   1.4058197e+01
   1.4333451e+01
   1.4598849e+01
   1.4855415e+01
   1.5104745e+01
   1.5348621e+01
   1.5589031e+01
   1.5828164e+01
   1.6068417e+01
   1.6312052e+01
   1.6561119e+01
   1.6817568e+01
   1.7082729e+01
   1.7357310e+01
   1.7641400e+01
   1.7934465e+01
   1.8235348e+01
   1.8542274e+01
   1.8852843e+01
   1.9163512e+01
   1.9470851e+01
   1.9772507e+01
   2.0066673e+01
   2.0352092e+01
   2.0628052e+01
   2.0894392e+01
   2.1151496e+01
   2.1400737e+01
   2.1644565e+01
   2.1885199e+01
   2.2124858e+01
   2.2365764e+01
   2.2610141e+01
   2.2860195e+01
   2.3117731e+01
   2.3384086e+01
   2.3659979e+01
   2.3945447e+01
   2.4239845e+01
   2.4541847e+01
   2.4849447e+01
   2.5159955e+01
   2.5470151e+01
   2.5776999e+01
   2.6078031e+01
   2.6371357e+01
   2.6655668e+01
   2.6930237e+01
   2.7194997e+01
   2.7451086e+01
   2.7700136e+01
   2.7943962e+01
   2.8184578e+01
   2.8424199e+01
   2.8665238e+01
   2.8909925e+01
   2.9160320e+01
   2.9418303e+01
   2.9685126e+01
   2.9961418e+01
   3.0247182e+01
   3.0541797e+01
   3.0844014e+01
   3.1151960e+01
   3.1463124e+01
   3.1773804e+01
   3.2080780e+01
   3.2381779e+01
   3.2675074e+01
   3.2959486e+01
   3.3234388e+01
   3.3499700e+01
   3.3755891e+01
   3.4004552e+01
   3.4248134e+01
   3.4488865e+01
   3.4728974e+01
   3.4970683e+01
   3.5216214e+01
   3.5467748e+01
   3.5727019e+01
   3.5995273e+01
   3.6273117e+01
   3.6560473e+01
   3.6856582e+01
   3.7160002e+01
   3.7468608e+01
   3.7779595e+01
   3.8089716e+01
   3.8396020e+01
   3.8696137e+01
   3.8988276e+01
   3.9271234e+01
   3.9544389e+01
   3.9807843e+01
   4.0062899e+01
   4.0311229e+01
   4.0554691e+01
   4.0795339e+01
   4.1035423e+01
   4.1277382e+01
   4.1523366e+01
   4.1775460e+01
   4.2035428e+01
   4.2304407e+01
   4.2582906e+01
   4.2870805e+01
   4.3167356e+01
   4.3471180e+01
   4.3780275e+01
   4.4091940e+01
   4.4402345e+01
   4.4708541e+01
   4.5008365e+01
   4.5300202e+01
   4.5582988e+01
   4.5856207e+01
   4.6119893e+01
   4.6374650e+01
   4.6622380e+01
   4.6865495e+01
   4.7106233e+01
   4.7346825e+01
   4.7589495e+01
   4.7836463e+01
   4.8089860e+01
   4.8351312e+01
   4.8621939e+01
   4.8902195e+01
   4.9191853e+01
   4.9489999e+01
   4.9795040e+01
   5.0104695e+01
   5.0416017e+01
   5.0725760e+01
   5.1031098e+01
   5.1329789e+01
   5.1620178e+01
   5.1901194e+01
   5.2172354e+01
   5.2434015e+01
   5.2687648e+01
   5.2934973e+01
   5.3177896e+01
   5.3418521e+01
   5.3659141e+01
   5.3902202e+01
   5.4149776e+01
   5.4403939e+01
   5.4666309e+01
   5.4937873e+01
   5.5218986e+01
   5.5509373e+01
   5.5808128e+01
   5.6113714e+01
   5.6423963e+01
   5.6735900e+01
   5.7045701e+01
   5.7350699e+01
   5.7648868e+01
   5.7938732e+01
   5.8219367e+01
   5.8490395e+01
   5.8751993e+01
   5.9004976e+01
   5.9251569e+01
   5.9494120e+01
   5.9734874e+01
   5.9976063e+01
   6.0219909e+01
   6.0468627e+01
   6.0724260e+01
   6.0988300e+01
   6.1261702e+01
   6.1544738e+01
   6.1836996e+01
   6.2137382e+01
   6.2444117e+01
   6.2754739e+01
   6.3066147e+01
   6.3375159e+01
   6.3679100e+01
   6.3975887e+01
   6.4264023e+01
   6.4542600e+01
   6.4811306e+01
   6.5070843e+01
   6.5322804e+01
   6.5568965e+01
   6.5811292e+01
   6.6051940e+01
   6.6293255e+01
   6.6537648e+01
   6.6787137e+01
   6.7043734e+01
   6.7308882e+01
   6.7583390e+01
   6.7867434e+01
   6.8160558e+01
   6.8461670e+01
   6.8769047e+01
   6.9080334e+01
   6.9392182e+01
   6.9701007e+01
   7.0004384e+01
   7.0300448e+01
   7.0587883e+01
   7.0865924e+01
   7.1134358e+01
   7.1393520e+01
   7.1644560e+01
   7.1889937e+01
   7.2131936e+01
   7.2372803e+01
   7.2614771e+01
   7.2860057e+01
   7.3110865e+01
   7.3369089e+01
   7.3636080e+01
   7.3912585e+01
   7.4198670e+01
   7.4493716e+01
   7.4796420e+01
   7.5104796e+01
   7.5416172e+01
   7.5727330e+01
   7.6035212e+01
   7.6337321e+01
   7.6631754e+01
   7.6917195e+01
   7.7192921e+01
   7.7458846e+01
   7.7716054e+01
   7.7966215e+01
   7.8211169e+01
   7.8452943e+01
   7.8693751e+01
   7.8935996e+01
   7.9181983e+01
   7.9433728e+01
   7.9693105e+01
   7.9961358e+01
   8.0239096e+01
   8.0526294e+01
   8.0822292e+01
   8.1125794e+01
   8.1434868e+01
   8.1746931e+01
   8.2058251e+01
   8.2365700e+01
   8.2667041e+01
   8.2960585e+01
   8.3245195e+01
   8.3520285e+01
   8.3785819e+01
   8.4042313e+01
   8.4291410e+01
   8.4535606e+01
   8.4777160e+01
   8.5018318e+01
   8.5261306e+01
   8.5508340e+01
   8.5761581e+01
   8.6022741e+01
   8.6292991e+01
   8.6572852e+01
   8.6862162e+01
   8.7160074e+01
   8.7465057e+01
   8.7774896e+01
   8.8086698e+01
   8.8397206e+01
   8.8703536e+01
   8.9003389e+01
   8.9295058e+01
   8.9577428e+01
   8.9849976e+01
   9.0112937e+01
   9.0367727e+01
   9.0616071e+01
   9.0859877e+01
   9.1101235e+01
   9.1342423e+01
   9.1585891e+01
   9.1833770e+01
   9.2088115e+01
   9.2350589e+01
   9.2622220e+01
   9.2903402e+01
   9.3193887e+01
   9.3492796e+01
   9.3798609e+01
   9.4109171e+01
   9.4421550e+01
   9.4731927e+01
   9.5037592e+01
   9.5336499e+01
   9.5627152e+01
   9.5908607e+01
   9.6180469e+01
   9.6442895e+01
   9.6696654e+01
   9.6943909e+01
   9.7187056e+01
   9.7428354e+01
   9.7670043e+01
   9.7914347e+01
   9.8163471e+01
   9.8419483e+01
   9.8683892e+01
   9.8957654e+01
   9.9241047e+01
   9.9533666e+01
   9.9834418e+01
   1.0014153e+02
   1.0045254e+02
   1.0076435e+02
   1.0107377e+02
   1.0137812e+02
   1.0167531e+02
   1.0196386e+02
   1.0224285e+02
   1.0251198e+02
   1.0277193e+02
   1.0302432e+02
   1.0327092e+02
   1.0351373e+02
   1.0375489e+02
   1.0399675e+02
   1.0424173e+02
   1.0449186e+02
   1.0474914e+02
   1.0501499e+02
   1.0529022e+02
   1.0557498e+02
   1.0586880e+02
   1.0617056e+02
   1.0647850e+02
   1.0679024e+02
   1.0710237e+02
   1.0741138e+02
   1.0771486e+02
   1.0801096e+02
   1.0829840e+02
   1.0857643e+02
   1.0884487e+02
   1.0910407e+02
   1.0935522e+02
   1.0960079e+02
   1.0984310e+02
   1.1008439e+02
   1.1032691e+02
   1.1057286e+02
   1.1082444e+02
   1.1108354e+02
   1.1135147e+02
   1.1162893e+02
   1.1191596e+02
   1.1221188e+02
   1.1251535e+02
   1.1282433e+02
   1.1313611e+02
   1.1344746e+02
   1.1375534e+02
   1.1405730e+02
   1.1435146e+02
   1.1463657e+02
   1.1491194e+02
   1.1517754e+02
   1.1543454e+02
   1.1568462e+02
   1.1592964e+02
   1.1617167e+02
   1.1641292e+02
   1.1665580e+02
   1.1690261e+02
   1.1715536e+02
   1.1741587e+02
   1.1768534e+02
   1.1796433e+02
   1.1825274e+02
   1.1854985e+02
   1.1885431e+02
   1.1916410e+02
   1.1947655e+02
   1.1978788e+02
   1.2009509e+02
   1.2039599e+02
   1.2068896e+02
   1.2097292e+02
   1.2124733e+02
   1.2151222e+02
   1.2176817e+02
   1.2201696e+02
   1.2226109e+02
   1.2250282e+02
   1.2274441e+02
   1.2298808e+02
   1.2323605e+02
   1.2349044e+02
   1.2375293e+02
   1.2402460e+02
   1.2430589e+02
   1.2459657e+02
   1.2489570e+02
   1.2520166e+02
   1.2551217e+02
   1.2582424e+02
   1.2613463e+02
   1.2644052e+02
   1.2673969e+02
   1.2703050e+02
   1.2731191e+02
   1.2758349e+02
   1.2784560e+02
   1.2809975e+02
   1.2834770e+02
   1.2859138e+02
   1.2883290e+02
   1.2907458e+02
   1.2931886e+02
   1.2956784e+02
   1.2982355e+02
   1.3008758e+02
   1.3036086e+02
   1.3064369e+02
   1.3093574e+02
   1.3123603e+02
   1.3154294e+02
   1.3185422e+02
   1.3216675e+02
   1.3247679e+02
   1.3278178e+02
   1.3307976e+02
   1.3336930e+02
   1.3364956e+02
   1.3392022e+02
   1.3418152e+02
   1.3443437e+02
   1.3468110e+02
   1.3492407e+02
   1.3516555e+02
   1.3540777e+02
   1.3565296e+02
   1.3590332e+02
   1.3616086e+02
   1.3642699e+02
   1.3670256e+02
   1.3698775e+02
