   3.1000000e+00
   3.0849418e+00
   3.0413354e+00
   2.9735035e+00
   2.8879362e+00
   2.7926909e+00
   2.6953584e+00
   2.6028619e+00
   2.5214566e+00
   2.4564847e+00
   2.4113482e+00
   2.3882928e+00
   2.3884340e+00
   2.4117353e+00
   2.4570086e+00
   2.5219137e+00
   2.6031472e+00
   2.6963190e+00
   2.7937766e+00
   2.8879677e+00
   2.9719107e+00
   3.0391944e+00
   3.0839782e+00
   3.1009920e+00
   3.0862491e+00
   3.0424647e+00
   2.9751259e+00
   2.8903194e+00
   2.7948500e+00
   2.6962411e+00
   2.6027340e+00
   2.5216187e+00
   2.4567142e+00
   2.4114366e+00
   2.3880881e+00
   2.3878436e+00
   2.4107510e+00
   2.4557423e+00
   2.5205533e+00
   2.6008783e+00
   2.6915888e+00
   2.7870701e+00
   2.8812211e+00
   2.9674546e+00
   3.0386974e+00
   3.0873898e+00
   3.1054996e+00
   3.0905730e+00
   3.0473618e+00
   2.9804219e+00
   2.8955092e+00
   2.7995790e+00
   2.7007865e+00
   2.6080489e+00
   2.5270074e+00
   2.4620947e+00
   2.4168451e+00
   2.3936215e+00
   2.3936151e+00
   2.4168457e+00
   2.4619152e+00
   2.5258466e+00
   2.6049301e+00
   2.6947094e+00
   2.7899803e+00
   2.8847907e+00
   2.9724409e+00
   3.0454831e+00
   3.0957220e+00
   3.1142160e+00
   3.0982231e+00
   3.0539521e+00
   2.9864142e+00
   2.9013557e+00
   2.8052577e+00
   2.7053367e+00
   2.6095439e+00
   2.5265659e+00
   2.4625591e+00
   2.4185777e+00
   2.3967790e+00
   2.3982146e+00
   2.4228064e+00
   2.4693465e+00
   2.5355685e+00
   2.6181679e+00
   2.7110181e+00
   2.8074677e+00
   2.9008386e+00
   2.9844253e+00
   3.0514955e+00
   3.0952898e+00
   3.1090725e+00
   3.0909813e+00
   3.0449890e+00
   2.9758134e+00
   2.8893572e+00
   2.7927073e+00
   2.6941352e+00
   2.6024797e+00
   2.5230826e+00
   2.4603189e+00
   2.4175944e+00
   2.3971394e+00
   2.4000085e+00
   2.4260810e+00
   2.4738108e+00
   2.5400683e+00
   2.6209463e+00
   2.7118170e+00
   2.8073318e+00
   2.9014215e+00
   2.9872964e+00
   3.0574457e+00
   3.1036384e+00
   3.1170265e+00
   3.0967525e+00
   3.0488275e+00
   2.9783982e+00
   2.8913356e+00
   2.7942351e+00
   2.6944165e+00
   2.5999239e+00
   2.5195237e+00
   2.4583830e+00
   2.4176856e+00
   2.3994471e+00
   2.4045460e+00
   2.4327239e+00
   2.4825857e+00
   2.5517213e+00
   2.6364756e+00
   2.7304388e+00
   2.8268778e+00
   2.9190642e+00
   3.0002743e+00
   3.0637890e+00
   3.1028942e+00
   3.1111003e+00
   3.0879229e+00
   3.0375381e+00
   2.9649026e+00
   2.8761398e+00
   2.7785399e+00
   2.6805601e+00
   2.5907710e+00
   2.5140644e+00
   2.4547213e+00
   2.4159410e+00
   2.3997438e+00
   2.4069712e+00
   2.4372841e+00
   2.4888569e+00
   2.5583367e+00
   2.6416053e+00
   2.7338435e+00
   2.8295313e+00
   2.9224474e+00
   3.0056694e+00
   3.0715741e+00
   3.1118370e+00
   3.1180171e+00
   3.0918057e+00
   3.0388950e+00
   2.9645982e+00
   2.8749456e+00
   2.7766851e+00
   2.6772816e+00
   2.5849174e+00
   2.5083507e+00
   2.4512606e+00
   2.4151617e+00
   2.4018353e+00
   2.4119199e+00
   2.4449112e+00
   2.4991619e+00
   2.5720951e+00
   2.6594696e+00
   2.7546016e+00
   2.8507019e+00
   2.9410117e+00
   3.0188019e+00
   3.0773738e+00
   3.1100587e+00
   3.1109218e+00
   3.0812217e+00
   3.0253104e+00
   2.9484339e+00
   2.8569903e+00
   2.7585291e+00
   2.6617518e+00
   2.5746001e+00
   2.5015834e+00
   2.4468045e+00
   2.4131924e+00
   2.4024942e+00
   2.4152756e+00
   2.4509092e+00
   2.5071873e+00
   2.5804883e+00
   2.6664669e+00
   2.7600933e+00
   2.8556530e+00
   2.9467471e+00
   3.0262921e+00
   3.0865201e+00
   3.1189785e+00
   3.1164048e+00
   3.0830681e+00
   3.0242749e+00
   2.9455327e+00
   2.8530606e+00
   2.7537890e+00
   2.6553602e+00
   2.5661277e+00
   2.4944698e+00
   2.4425270e+00
   2.4121683e+00
   2.4048842e+00
   2.4210171e+00
   2.4597622e+00
   2.5191663e+00
   2.5964578e+00
   2.6865770e+00
   2.7826626e+00
   2.8778906e+00
   2.9654890e+00
   3.0387381e+00
   3.0909703e+00
   3.1155703e+00
   3.1077729e+00
   3.0705367e+00
   3.0083806e+00
   2.9268815e+00
   2.8327535e+00
   2.7338479e+00
   2.6391053e+00
   2.5553606e+00
   2.4870100e+00
   2.4378432e+00
   2.4104661e+00
   2.4063009e+00
   2.4255856e+00
   2.4673352e+00
   2.5288792e+00
   2.6063139e+00
   2.6950528e+00
   2.7898400e+00
   2.8847496e+00
   2.9731861e+00
   3.0478841e+00
   3.1009085e+00
   3.1236547e+00
   3.1114397e+00
   3.0702067e+00
   3.0050283e+00
   2.9216287e+00
   2.8264388e+00
   2.7265961e+00
   2.6299450e+00
   2.5450366e+00
   2.4791591e+00
   2.4333615e+00
   2.4097299e+00
   2.4094168e+00
   2.4324229e+00
   2.4775972e+00
   2.5426533e+00
   2.6245151e+00
   2.7171873e+00
   2.8137583e+00
   2.9073884e+00
   2.9913090e+00
   3.0588229e+00
   3.1033044e+00
   3.1182053e+00
   3.1009636e+00
   3.0555710e+00
   2.9868402e+00
   2.9007089e+00
   2.8042392e+00
   2.7056180e+00
   2.6137656e+00
   2.5343114e+00
   2.4715686e+00
   2.4289629e+00
   2.4087341e+00
   2.4119367e+00
   2.4384397e+00
   2.4868170e+00
   2.5538937e+00
   2.6354936e+00
   2.7267826e+00
   2.8222692e+00
   2.9158048e+00
   3.0005832e+00
   3.0691412e+00
   3.1133581e+00
   3.1246203e+00
   3.1025438e+00
   3.0530250e+00
   2.9813194e+00
   2.8933855e+00
   2.7958845e+00
   2.6961807e+00
   2.6023411e+00
   2.5231332e+00
   2.4636145e+00
   2.4248510e+00
   2.4087747e+00
   2.4161621e+00
   2.4466348e+00
   2.4986591e+00
   2.5696795e+00
   2.6558973e+00
   2.7506521e+00
   2.8470192e+00
   2.9381613e+00
   3.0173284e+00
   3.0778578e+00
   3.1131744e+00
   3.1171350e+00
   3.0900101e+00
   3.0362043e+00
   2.9609242e+00
   2.8704911e+00
   2.7723402e+00
   2.6750210e+00
   2.5868975e+00
   2.5126345e+00
   2.4563871e+00
   2.4211819e+00
   2.4088585e+00
   2.4200696e+00
   2.4542809e+00
   2.5095155e+00
   2.5821265e+00
   2.6676749e+00
   2.7610749e+00
   2.8565937e+00
   2.9478513e+00
   3.0278208e+00
   3.0888283e+00
   3.1225527e+00
   3.1215055e+00
   3.0893520e+00
   3.0314921e+00
   2.9534330e+00
   2.8613815e+00
   2.7622445e+00
   2.6636285e+00
   2.5738396e+00
   2.5014239e+00
   2.4488887e+00
   2.4179319e+00
   2.4100815e+00
   2.4257077e+00
   2.4640229e+00
   2.5230816e+00
   2.6000896e+00
   2.6901511e+00
   2.7862895e+00
   2.8815853e+00
   2.9692196e+00
   3.0424736e+00
   3.0947292e+00
   3.1194689e+00
   3.1118321e+00
   3.0746325e+00
   3.0124797e+00
   2.9309907e+00
   2.8368877e+00
   2.7379988e+00
   2.6432310e+00
   2.5595728e+00
   2.4913813e+00
   2.4424444e+00
   2.4153619e+00
   2.4115456e+00
   2.4312193e+00
   2.4734031e+00
   2.5354666e+00
   2.6133815e+00
   2.7024461e+00
   2.7973205e+00
   2.8920261e+00
   2.9799454e+00
   3.0538225e+00
   3.1057629e+00
   3.1272333e+00
   3.1139027e+00
   3.0717003e+00
   3.0057302e+00
   2.9217620e+00
   2.8262625e+00
   2.7263957e+00
   2.6300232e+00
   2.5457036e+00
   2.4806678e+00
   2.4358764e+00
   2.4133764e+00
   2.4142672e+00
   2.4384880e+00
   2.4848183e+00
   2.5508960e+00
   2.6335772e+00
   2.7267445e+00
   2.8233878e+00
   2.9166081e+00
   2.9996174e+00
   3.0657390e+00
   3.1084072e+00
   3.1211852e+00
   3.1019203e+00
   3.0547432e+00
   2.9845943e+00
   2.8975127e+00
   2.8006362e+00
   2.7022011e+00
   2.6110828e+00
   2.5327496e+00
   2.4714635e+00
   2.4305643e+00
   2.4122031e+00
   2.4173419e+00
   2.4457541e+00
   2.4959331e+00
   2.5645826e+00
   2.6473714e+00
   2.7393353e+00
   2.8348783e+00
   2.9277726e+00
   3.0111585e+00
   3.0775447e+00
   3.1188079e+00
   3.1265601e+00
   3.1015733e+00
   3.0496043e+00
   2.9759985e+00
   2.8867961e+00
   2.7887331e+00
   2.6892404e+00
   2.5964445e+00
   2.5191342e+00
   2.4617008e+00
   2.4253177e+00
   2.4117977e+00
   2.4217917e+00
   2.4547891e+00
   2.5091174e+00
   2.5821176e+00
   2.6697210e+00
   2.7650825e+00
   2.8612162e+00
   2.9512556e+00
   3.0284543e+00
   3.0861854e+00
   3.1179419e+00
   3.1179149e+00
   3.0872316e+00
   3.0304280e+00
   2.9528825e+00
   2.8610663e+00
   2.7625439e+00
   2.6659721e+00
   2.5793909e+00
   2.5072705e+00
   2.4536558e+00
   2.4214214e+00
   2.4122518e+00
   2.4266422e+00
   2.4638998e+00
   2.5218562e+00
   2.5966659e+00
   2.6837285e+00
   2.7778172e+00
   2.8730786e+00
   2.9630333e+00
   3.0405752e+00
   3.0979721e+00
   3.1268654e+00
   3.1207593e+00
   3.0844703e+00
   3.0232332e+00
   2.9426727e+00
   2.8491069e+00
   2.7495479e+00
   2.6517014e+00
   2.5639670e+00
   2.4945588e+00
   2.4452233e+00
   2.4178072e+00
   2.4136606e+00
   2.4329706e+00
   2.4747612e+00
   2.5368932e+00
   2.6164437e+00
   2.7080118e+00
   2.8045264e+00
   2.8990369e+00
